민준	1	38,305
서준	2	38,305
예준	3	28,109
도윤	4	28,101
시우	5	26,027
주원	6	25,307
하준	7	34,342
지호	8	34,342
지후	9	23,151
준서	10	22,310
준우	11	21,725
현우	12	21,191
도현	13	20,663
지훈	14	20,629
건우	15	20,623
우진	16	19,693
선우	17	17,041
서진	18	16,727
민재	19	16,606
현준	20	16,430
연우	21	15,936
유준	22	15,348
정우	23	14,745
승우	24	13,588
승현	25	13,551
시윤	26	13,492
준혁	27	13,431
은우	28	13,405
지환	29	13,404
승민	30	12,438
지우	31	12,372
유찬	32	12,357
윤우	33	11,806
민성	34	11,801
준영	35	11,483
시후	36	11,399
진우	37	11,322
지원	38	11,033
수현	39	10,895
재윤	40	9,489
시현	41	9,427
동현	42	9,393
수호	43	9,324
태윤	44	9,171
민규	45	9,029
재원	46	8,877
한결	47	8,875
민우	48	8,845
재민	49	8,685
은찬	50	8,680
윤호	51	8,615
시원	52	8,593
이준	53	8,581
민찬	54	8,356
지안	55	7,971
시온	56	7,878
성민	57	7,852
준호	58	7,727
승준	59	7,702
성현	60	7,667
이안	61	7,582
현서	62	7,502
재현	63	7,434
하율	64	7,363
지한	65	7,296
우빈	66	7,271
태민	67	7,251
지성	68	7,249
예성	69	7,219
민호	70	7,183
태현	71	7,173
지율	72	7,149
민혁	73	7,103
서우	74	7,085
성준	75	6,895
은호	76	6,882
규민	77	6,766
정민	78	6,738
준	79	6,707
지민	80	6,696
윤성	81	6,671
율	82	6,563
윤재	83	6,533
하람	84	6,394
하진	85	6,393
민석	86	6,356
준수	87	6,349
은성	88	6,296
태양	89	6,266
예찬	90	6,247
준희	91	6,105
도훈	92	5,958
하민	93	5,836
준성	94	5,688
건	95	5,673
지완	96	5,610
현수	97	5,603
승원	98	5,565
강민	99	5,540
정현	100	5,488